+-----------------------------------------------------------------------------------------------------------------------------------------------------------------------------------------------------------------------------------------------------------------+
; Legal Partition Candidates                                                                                                                                                                                                                                      ;
+------------------------------------------------------------+-------+----------------+--------------+----------------+--------+-----------------+---------------+-----------------+-------+----------------+--------------+------------------+-------------------+
; Hierarchy                                                  ; Input ; Constant Input ; Unused Input ; Floating Input ; Output ; Constant Output ; Unused Output ; Floating Output ; Bidir ; Constant Bidir ; Unused Bidir ; Input only Bidir ; Output only Bidir ;
+------------------------------------------------------------+-------+----------------+--------------+----------------+--------+-----------------+---------------+-----------------+-------+----------------+--------------+------------------+-------------------+
; mdio_cfg_I|mdio_opr_I                                      ; 30    ; 5              ; 0            ; 5              ; 18     ; 5               ; 5             ; 5               ; 1     ; 0              ; 0            ; 0                ; 0                 ;
; mdio_cfg_I                                                 ; 2     ; 17             ; 0            ; 17             ; 18     ; 17              ; 17            ; 17              ; 1     ; 0              ; 0            ; 0                ; 0                 ;
; usb_master_i|USB_RAM_i|altsyncram_component|auto_generated ; 42    ; 0              ; 0            ; 0              ; 16     ; 0               ; 0             ; 0               ; 0     ; 0              ; 0            ; 0                ; 0                 ;
; usb_master_i|USB_RAM_i                                     ; 42    ; 0              ; 0            ; 0              ; 16     ; 0               ; 0             ; 0               ; 0     ; 0              ; 0            ; 0                ; 0                 ;
; usb_master_i                                               ; 28    ; 0              ; 0            ; 0              ; 19     ; 0               ; 0             ; 0               ; 18    ; 0              ; 0            ; 0                ; 0                 ;
; TM1640_1_cfg|TM1640_drive_i|iic_opr_I                      ; 18    ; 0              ; 0            ; 0              ; 3      ; 0               ; 0             ; 0               ; 0     ; 0              ; 0            ; 0                ; 0                 ;
; TM1640_1_cfg|TM1640_drive_i                                ; 42    ; 33             ; 0            ; 33             ; 3      ; 33              ; 33            ; 33              ; 0     ; 0              ; 0            ; 0                ; 0                 ;
; TM1640_1_cfg                                               ; 9     ; 0              ; 0            ; 0              ; 2      ; 0               ; 0             ; 0               ; 0     ; 0              ; 0            ; 0                ; 0                 ;
; TM1640_PART1_i|iic_opr_I                                   ; 18    ; 0              ; 0            ; 0              ; 3      ; 0               ; 0             ; 0               ; 0     ; 0              ; 0            ; 0                ; 0                 ;
; TM1640_PART1_i                                             ; 42    ; 25             ; 0            ; 25             ; 3      ; 25              ; 25            ; 25              ; 0     ; 0              ; 0            ; 0                ; 0                 ;
; sysclk_source_inst|altpll_component|auto_generated         ; 2     ; 0              ; 0            ; 0              ; 6      ; 0               ; 0             ; 0               ; 0     ; 0              ; 0            ; 0                ; 0                 ;
; sysclk_source_inst                                         ; 1     ; 0              ; 0            ; 0              ; 4      ; 0               ; 0             ; 0               ; 0     ; 0              ; 0            ; 0                ; 0                 ;
+------------------------------------------------------------+-------+----------------+--------------+----------------+--------+-----------------+---------------+-----------------+-------+----------------+--------------+------------------+-------------------+
